0 0.194678 0.090459 0.303081 0.082740
0 0.498039 0.091251 0.303641 0.083531
0 0.193277 0.175376 0.305882 0.084719
0 0.497759 0.175772 0.306443 0.084719
0 0.195518 0.260689 0.307003 0.083531
0 0.496639 0.261283 0.304202 0.082344
0 0.193838 0.345210 0.301401 0.083135
0 0.499160 0.346397 0.303641 0.080760
0 0.801120 0.091053 0.304762 0.083927
0 0.801120 0.175178 0.302521 0.083531
0 0.801681 0.259699 0.303641 0.083135
0 0.800560 0.345606 0.303641 0.083927
0 0.801120 0.430918 0.304762 0.082740
0 0.497199 0.430523 0.305322 0.083531
0 0.193838 0.429731 0.301401 0.082740
