0 0.194958 0.091647 0.303641 0.082740
0 0.194678 0.175178 0.306443 0.082740
0 0.194678 0.260491 0.306443 0.084719
0 0.194398 0.346991 0.302521 0.085115
0 0.496919 0.090855 0.302521 0.083531
0 0.498599 0.174782 0.303641 0.081948
0 0.498039 0.260689 0.304762 0.083531
0 0.496359 0.346200 0.301401 0.083531
0 0.801681 0.091449 0.300280 0.080760
0 0.800560 0.174782 0.302521 0.081948
0 0.800000 0.260689 0.301401 0.083531
0 0.800000 0.346200 0.305882 0.081948
0 0.193557 0.429731 0.304202 0.083531
0 0.496078 0.430127 0.306443 0.081156
0 0.801681 0.430523 0.304762 0.081948
0 0.193838 0.514054 0.303641 0.083531
0 0.498599 0.515044 0.303641 0.081552
0 0.801120 0.516825 0.303641 0.081948
0 0.195518 0.599565 0.302521 0.083531
0 0.498039 0.599960 0.307003 0.081156
0 0.803081 0.601544 0.301961 0.082740
0 0.192437 0.684877 0.304202 0.083927
0 0.498599 0.685867 0.305882 0.085115
0 0.801961 0.685867 0.297479 0.081948
0 0.194398 0.770586 0.302521 0.081156
0 0.497479 0.771576 0.301401 0.080760
0 0.802801 0.771971 0.302521 0.083135
0 0.194118 0.857680 0.305322 0.082740
0 0.498599 0.856097 0.301401 0.082740
0 0.800560 0.856295 0.302521 0.079968
