0 0.204190 0.128145 0.279888 0.079403
0 0.486872 0.128145 0.281006 0.080189
0 0.202514 0.204403 0.277654 0.076258
0 0.486313 0.206761 0.282123 0.079403
0 0.202793 0.283805 0.277095 0.073899
0 0.485475 0.284591 0.282682 0.075472
0 0.771229 0.129914 0.283240 0.077437
0 0.770670 0.207940 0.285475 0.077044
0 0.766480 0.284198 0.281564 0.072327
0 0.201397 0.360849 0.278771 0.076258
0 0.201397 0.439072 0.278771 0.075472
0 0.199162 0.517296 0.279888 0.075472
0 0.483520 0.362618 0.284358 0.076651
0 0.482402 0.439072 0.282123 0.073899
0 0.480168 0.517492 0.281006 0.075865
0 0.767039 0.363208 0.283799 0.077830
0 0.765922 0.441234 0.284916 0.076651
0 0.763687 0.519851 0.284916 0.076651
0 0.762570 0.596305 0.283799 0.077044
0 0.761453 0.672563 0.284916 0.073899
0 0.761732 0.751769 0.285475 0.075865
0 0.480726 0.595715 0.283240 0.075865
0 0.479888 0.673546 0.281564 0.076651
0 0.477933 0.752162 0.282123 0.076651
0 0.761453 0.829403 0.284916 0.074686
0 0.477654 0.828813 0.281564 0.075079
0 0.198324 0.595126 0.278212 0.077044
0 0.199162 0.672956 0.279888 0.075472
0 0.196927 0.751572 0.278771 0.079403
0 0.194413 0.828616 0.283799 0.075472
