0 0.200337 0.124704 0.279461 0.076832
0 0.485690 0.125690 0.282267 0.076438
0 0.198934 0.203507 0.282267 0.078408
0 0.483726 0.204886 0.280584 0.079590
0 0.197811 0.281127 0.283389 0.076832
0 0.482884 0.283491 0.282267 0.076832
0 0.198653 0.358944 0.279461 0.076438
0 0.480640 0.362096 0.282267 0.078802
0 0.771886 0.127266 0.286756 0.078014
0 0.768519 0.206659 0.286756 0.078408
0 0.767116 0.284870 0.287318 0.075650
0 0.765432 0.361505 0.283951 0.073680
0 0.764871 0.441292 0.282828 0.079590
0 0.763187 0.517533 0.281706 0.074468
0 0.195847 0.436761 0.279461 0.077620
0 0.479237 0.438337 0.282828 0.077620
0 0.194444 0.515169 0.282267 0.076832
0 0.193042 0.593381 0.283951 0.077226
0 0.479237 0.516745 0.285073 0.077620
