0 0.196595 0.122862 0.276771 0.077760
0 0.472268 0.124806 0.276771 0.076983
0 0.754805 0.125583 0.278418 0.078538
0 0.192751 0.201400 0.274574 0.076205
0 0.470346 0.201400 0.280615 0.076205
0 0.752059 0.201788 0.279517 0.078538
0 0.193575 0.278188 0.272927 0.075816
0 0.471719 0.279160 0.283361 0.077760
0 0.752059 0.279938 0.279517 0.076205
0 0.194399 0.354588 0.274574 0.078538
0 0.470346 0.356337 0.280615 0.075039
0 0.751785 0.356921 0.282262 0.077760
0 0.191653 0.431960 0.274574 0.077760
0 0.466776 0.431960 0.275673 0.076205
0 0.751236 0.432543 0.281164 0.080482
0 0.193026 0.507193 0.271829 0.074261
0 0.466776 0.508359 0.275673 0.075039
0 0.748215 0.508942 0.279517 0.076205
0 0.189731 0.586314 0.270730 0.076983
0 0.464305 0.585731 0.278418 0.075816
0 0.747666 0.587092 0.280615 0.075428
0 0.188083 0.661936 0.271829 0.078927
0 0.464305 0.663103 0.280615 0.079705
0 0.746293 0.663686 0.277869 0.080093
0 0.185338 0.738336 0.269632 0.076205
0 0.462658 0.738919 0.279517 0.075039
0 0.744371 0.740863 0.279517 0.075816
0 0.185063 0.815124 0.271280 0.075816
0 0.460736 0.814930 0.275673 0.076983
0 0.741351 0.816680 0.275673 0.075039
