0 0.200385 0.159228 0.276526 0.073374
0 0.479384 0.158850 0.277075 0.072617
0 0.756460 0.159607 0.275976 0.074130
0 0.196262 0.234493 0.274876 0.074130
0 0.476361 0.234493 0.273227 0.074130
0 0.753711 0.235439 0.268279 0.073752
0 0.197361 0.309191 0.272677 0.073752
0 0.475811 0.310893 0.275426 0.075643
0 0.755635 0.310136 0.275426 0.072617
0 0.196262 0.384266 0.272677 0.075643
0 0.474162 0.384077 0.278725 0.077534
0 0.753161 0.385023 0.272677 0.075643
0 0.193238 0.458018 0.271028 0.074130
0 0.473887 0.460098 0.278175 0.074508
0 0.752611 0.460855 0.275976 0.072995
0 0.192413 0.531581 0.274876 0.072995
0 0.471688 0.533283 0.275976 0.071861
