0 0.199013 0.121111 0.277412 0.079165
0 0.475055 0.122292 0.273575 0.079165
0 0.198191 0.200276 0.272478 0.079953
0 0.472039 0.199882 0.274123 0.079165
0 0.194353 0.277471 0.268092 0.079165
0 0.470943 0.278259 0.271930 0.077590
0 0.754386 0.123277 0.280702 0.078771
0 0.750822 0.201457 0.281250 0.077590
0 0.752467 0.279835 0.283443 0.079165
0 0.192160 0.355849 0.270285 0.075226
0 0.470395 0.355258 0.274123 0.076408
0 0.193531 0.432454 0.271930 0.077983
0 0.468202 0.434423 0.270833 0.077196
0 0.749726 0.357818 0.282346 0.077590
0 0.749178 0.435605 0.281250 0.077983
0 0.190515 0.510240 0.270285 0.077590
0 0.468476 0.512210 0.276864 0.075226
0 0.189967 0.589011 0.271382 0.077590
0 0.466831 0.589405 0.276864 0.078377
0 0.189967 0.667586 0.274671 0.077983
0 0.465461 0.666995 0.274123 0.078377
0 0.748355 0.513194 0.279605 0.077196
0 0.745066 0.590981 0.279605 0.076014
0 0.745066 0.668767 0.281798 0.077983
0 0.742050 0.746160 0.279057 0.075226
0 0.742325 0.823553 0.281798 0.076408
0 0.189419 0.745372 0.275768 0.077590
0 0.463816 0.744584 0.274123 0.076014
0 0.186678 0.820008 0.273575 0.074045
0 0.463816 0.823750 0.274123 0.077590
