0 0.191036 0.166865 0.304762 0.079271
0 0.498319 0.166468 0.306443 0.077685
0 0.191597 0.246532 0.305882 0.079271
0 0.498319 0.246928 0.306443 0.078478
0 0.189636 0.326001 0.301961 0.078082
0 0.497479 0.325803 0.305882 0.077685
0 0.191317 0.405866 0.307563 0.079271
0 0.497759 0.406461 0.309804 0.079667
0 0.190756 0.485731 0.304202 0.078874
0 0.497479 0.486524 0.304762 0.078082
0 0.191877 0.566389 0.305322 0.079271
0 0.498319 0.565993 0.306443 0.077685
0 0.190196 0.646453 0.305322 0.078478
0 0.191597 0.726318 0.308123 0.078874
0 0.498319 0.646453 0.305322 0.080856
0 0.499720 0.726120 0.301401 0.079271
0 0.191036 0.806579 0.308123 0.080063
0 0.498599 0.805390 0.305882 0.076100
0 0.191597 0.885652 0.305882 0.080460
0 0.500000 0.885850 0.305322 0.077685
0 0.805882 0.166865 0.305322 0.078478
0 0.805882 0.247523 0.305322 0.078874
0 0.806162 0.326595 0.307003 0.079271
0 0.806443 0.407055 0.305322 0.078478
0 0.804762 0.485533 0.303081 0.078478
0 0.804762 0.566984 0.306443 0.078082
0 0.806162 0.646254 0.307003 0.078082
0 0.806162 0.725327 0.305882 0.079271
0 0.805322 0.807174 0.307563 0.079667
0 0.806723 0.886643 0.308123 0.079271
