0 0.192997 0.089865 0.301961 0.082344
0 0.497759 0.095408 0.301961 0.090261
0 0.193277 0.184086 0.301401 0.081552
0 0.497759 0.184086 0.298599 0.081552
0 0.193838 0.267815 0.300280 0.080364
0 0.498039 0.270388 0.301401 0.083135
0 0.800840 0.090855 0.301961 0.084323
0 0.802521 0.185273 0.306443 0.083927
0 0.801120 0.269200 0.302521 0.083927
0 0.193277 0.355107 0.301401 0.083927
0 0.497759 0.354513 0.303081 0.082740
0 0.193557 0.440222 0.303081 0.083927
0 0.496919 0.439628 0.303641 0.082740
0 0.192157 0.524743 0.301401 0.083531
0 0.496078 0.525139 0.303081 0.082740
0 0.192997 0.609857 0.298599 0.081156
0 0.498319 0.610055 0.301961 0.083135
0 0.799720 0.354117 0.299720 0.082740
0 0.799440 0.438440 0.300280 0.082740
0 0.800000 0.525930 0.300280 0.081156
0 0.192157 0.694181 0.301401 0.083531
0 0.497479 0.695566 0.302521 0.083135
0 0.192997 0.780285 0.303081 0.084719
0 0.496919 0.780879 0.301401 0.083531
0 0.800840 0.609462 0.301961 0.082740
0 0.801120 0.694774 0.302521 0.081552
0 0.800560 0.780285 0.302521 0.082344
0 0.192157 0.864608 0.301401 0.080760
0 0.497199 0.865400 0.299720 0.082344
0 0.801681 0.865202 0.301401 0.080364
