0 0.217525 0.096397 0.298432 0.080364
0 0.215286 0.178939 0.296193 0.078385
0 0.214166 0.259501 0.296193 0.079572
0 0.215845 0.341449 0.297312 0.077197
0 0.212766 0.424386 0.295633 0.078385
0 0.212766 0.505938 0.298992 0.079177
0 0.211366 0.670032 0.296193 0.081948
0 0.208567 0.752177 0.295073 0.082344
0 0.515398 0.095408 0.296193 0.078385
0 0.513718 0.179137 0.296193 0.081948
0 0.514278 0.261283 0.297312 0.079177
0 0.512038 0.342241 0.297312 0.081156
0 0.510358 0.423595 0.296193 0.079968
0 0.509518 0.506334 0.294513 0.078385
0 0.507839 0.669042 0.291153 0.078385
0 0.506999 0.752771 0.292833 0.081948
0 0.816069 0.097585 0.298432 0.084323
0 0.813270 0.179929 0.297312 0.080364
0 0.811590 0.262272 0.297312 0.082740
0 0.811590 0.343230 0.297312 0.079177
0 0.810470 0.425178 0.297312 0.079968
0 0.805431 0.670428 0.295073 0.081156
0 0.804871 0.751781 0.296193 0.078385
