0 0.514838 0.177751 0.296193 0.080760
0 0.215566 0.260491 0.293393 0.080760
0 0.513718 0.260095 0.293953 0.078385
0 0.811310 0.178147 0.293393 0.079177
0 0.811590 0.258709 0.293953 0.077989
0 0.215566 0.341053 0.294513 0.077197
0 0.512878 0.341251 0.295633 0.079177
0 0.211086 0.587490 0.294513 0.079177
0 0.211086 0.668250 0.296753 0.079177
0 0.210526 0.750990 0.293393 0.080760
0 0.208007 0.832146 0.295073 0.079177
0 0.506159 0.831354 0.293393 0.076010
0 0.506719 0.751781 0.293393 0.079968
0 0.508959 0.669438 0.294513 0.079968
0 0.511198 0.587886 0.297872 0.079968
0 0.805711 0.588084 0.294513 0.080364
0 0.806551 0.669834 0.293953 0.077593
0 0.804311 0.751781 0.292833 0.078385
0 0.802912 0.834719 0.293393 0.081156
