0 0.194118 0.101148 0.306443 0.083531
0 0.497199 0.101148 0.299720 0.083531
0 0.191877 0.185471 0.301961 0.082740
0 0.494958 0.184679 0.300840 0.082740
0 0.191317 0.271180 0.299720 0.081552
0 0.495798 0.272565 0.300280 0.081948
0 0.192437 0.356097 0.303081 0.081156
0 0.495798 0.357878 0.303641 0.084719
0 0.801120 0.100554 0.300280 0.082344
0 0.800560 0.185669 0.303641 0.084719
0 0.801401 0.271378 0.301961 0.083531
0 0.800000 0.356492 0.301401 0.081156
0 0.193557 0.441013 0.305322 0.083927
0 0.497759 0.441607 0.303081 0.082740
