0 0.238375 0.138955 0.289636 0.077593
0 0.238375 0.218923 0.289636 0.079968
0 0.236975 0.298694 0.287955 0.079572
0 0.233333 0.376880 0.287395 0.076801
0 0.233613 0.457047 0.287955 0.081948
0 0.232773 0.537411 0.288515 0.080364
0 0.231933 0.618171 0.291317 0.081156
0 0.229132 0.698535 0.287955 0.078781
0 0.227731 0.779295 0.285154 0.081156
0 0.228291 0.860055 0.290756 0.077989
0 0.531653 0.140736 0.289076 0.078781
0 0.528852 0.221892 0.289076 0.079572
0 0.528011 0.382819 0.288515 0.080760
0 0.527451 0.461599 0.290756 0.079177
0 0.524930 0.541172 0.292437 0.079968
0 0.524370 0.621338 0.291317 0.081156
0 0.519608 0.781671 0.290756 0.078781
0 0.519608 0.864014 0.287395 0.076405
0 0.824370 0.146675 0.290756 0.081948
0 0.822689 0.225059 0.290756 0.078781
0 0.818768 0.384996 0.288515 0.079572
0 0.818207 0.463183 0.286275 0.076801
0 0.816246 0.544537 0.289076 0.081156
0 0.816807 0.625495 0.291317 0.080760
0 0.814566 0.785827 0.291317 0.078385
0 0.813165 0.868369 0.288515 0.079572
